0 3.000000
1 1.414214
2 0.868278
3 0.744773
4 0.545702
5 0.466993
6 0.365892
7 0.306270
8 0.246298
9 0.203615
10 0.165426
11 0.135968
12 0.110926
13 0.090941
14 0.074320
15 0.060864
16 0.049776
17 0.040744
18 0.033332
19 0.027279
20 0.022319
21 0.018264
22 0.014944
23 0.012229
24 0.010006
25 0.008188
26 0.006700
27 0.005482
28 0.004486
29 0.003671
30 0.003004
31 0.002458
32 0.002011
33 0.001646
34 0.001347
35 0.001102
36 0.000902
37 0.000738
38 0.000604
39 0.000494
40 0.000404
41 0.000331
42 0.000271
43 0.000221
44 0.000181
45 0.000148
46 0.000121
47 0.000099
48 0.000081
49 0.000066
50 0.000054
51 0.000045
52 0.000036
53 0.000030
54 0.000024
55 0.000020
56 0.000016
57 0.000013
58 0.000011
59 0.000009
60 0.000007
61 0.000006
62 0.000005
63 0.000004
64 0.000003
65 0.000003
66 0.000002
