-2.028985 -1.488405
-1.488405 -2.028985
-1.170028 -1.488405
-0.909264 -1.170028
-0.667982 -0.909264
-0.442216 -0.667982
-0.238490 -0.442216
-0.066382 -0.238490
0.064567 -0.066382
0.146536 0.064567
0.174444 0.146536
0.146536 0.174444
0.064567 0.146536
-0.066382 0.064567
-0.238490 -0.066382
-0.442216 -0.238490
-0.667982 -0.442216
-0.909264 -0.667982
-1.170028 -0.909264
-1.488405 -1.170028
-1.488405 -1.317768
-1.317768 -1.488405
-1.094420 -1.317768
-0.863152 -1.094420
-0.633504 -0.863152
-0.413508 -0.633504
-0.213141 -0.413508
-0.043148 -0.213141
0.086475 -0.043148
0.167704 0.086475
0.195375 0.167704
0.167704 0.195375
0.086475 0.167704
-0.043148 0.086475
-0.213141 -0.043148
-0.413508 -0.213141
-0.633504 -0.413508
-0.863152 -0.633504
-1.094420 -0.863152
-1.317768 -1.094420
-1.170028 -1.094420
-1.094420 -1.170028
-0.939178 -1.094420
-0.746369 -0.939178
-0.538695 -0.746369
-0.332090 -0.538695
-0.140367 -0.332090
0.023909 -0.140367
0.149857 0.023909
0.229016 0.149857
0.256017 0.229016
0.229016 0.256017
0.149857 0.229016
0.023909 0.149857
-0.140367 0.023909
-0.332090 -0.140367
-0.538695 -0.332090
-0.746369 -0.538695
-0.939178 -0.746369
-1.094420 -0.939178
-0.909264 -0.863152
-0.863152 -0.909264
-0.746369 -0.863152
-0.584741 -0.746369
-0.399723 -0.584741
-0.209221 -0.399723
-0.028916 -0.209221
0.127382 -0.028916
0.248038 0.127382
0.324166 0.248038
0.350178 0.324166
0.324166 0.350178
0.248038 0.324166
0.127382 0.248038
-0.028916 0.127382
-0.209221 -0.028916
-0.399723 -0.209221
-0.584741 -0.399723
-0.746369 -0.584741
-0.863152 -0.746369
-0.667982 -0.633504
-0.633504 -0.667982
-0.538695 -0.633504
-0.399723 -0.538695
-0.234256 -0.399723
-0.059419 -0.234256
0.108857 -0.059419
0.256305 0.108857
0.370904 0.256305
0.443499 0.370904
0.468349 0.443499
0.443499 0.468349
0.370904 0.443499
0.256305 0.370904
0.108857 0.256305
-0.059419 0.108857
-0.234256 -0.059419
-0.399723 -0.234256
-0.538695 -0.399723
-0.633504 -0.538695
-0.442216 -0.413508
-0.413508 -0.442216
-0.332090 -0.413508
-0.209221 -0.332090
-0.059419 -0.209221
0.101698 -0.059419
0.258748 0.101698
0.397573 0.258748
0.506101 0.397573
0.575096 0.506101
0.598754 0.575096
0.575096 0.598754
0.506101 0.575096
0.397573 0.506101
0.258748 0.397573
0.101698 0.258748
-0.059419 0.101698
-0.209221 -0.059419
-0.332090 -0.209221
-0.413508 -0.332090
-0.238490 -0.213141
-0.213141 -0.238490
-0.140367 -0.213141
-0.028916 -0.140367
0.108857 -0.028916
0.258748 0.108857
0.406163 0.258748
0.537332 0.406163
0.640345 0.537332
0.706022 0.640345
0.728573 0.706022
0.706022 0.728573
0.640345 0.706022
0.537332 0.640345
0.406163 0.537332
0.258748 0.406163
0.108857 0.258748
-0.028916 0.108857
-0.140367 -0.028916
-0.213141 -0.140367
-0.066382 -0.043148
-0.043148 -0.066382
0.023909 -0.043148
0.127382 0.023909
0.256305 0.127382
0.397573 0.256305
0.537332 0.397573
0.662260 0.537332
0.760698 0.662260
0.823591 0.760698
0.845210 0.823591
0.823591 0.845210
0.760698 0.823591
0.662260 0.760698
0.537332 0.662260
0.397573 0.537332
0.256305 0.397573
0.127382 0.256305
0.023909 0.127382
-0.043148 0.023909
0.064567 0.086475
0.086475 0.064567
0.149857 0.086475
0.248038 0.149857
0.370904 0.248038
0.506101 0.370904
0.640345 0.506101
0.760698 0.640345
0.855738 0.760698
0.916549 0.855738
0.937467 0.916549
0.916549 0.937467
0.855738 0.916549
0.760698 0.855738
0.640345 0.760698
0.506101 0.640345
0.370904 0.506101
0.248038 0.370904
0.149857 0.248038
0.086475 0.149857
0.146536 0.167704
0.167704 0.146536
0.229016 0.167704
0.324166 0.229016
0.443499 0.324166
0.575096 0.443499
0.706022 0.575096
0.823591 0.706022
0.916549 0.823591
0.976077 0.916549
0.996561 0.976077
0.976077 0.996561
0.916549 0.976077
0.823591 0.916549
0.706022 0.823591
0.575096 0.706022
0.443499 0.575096
0.324166 0.443499
0.229016 0.324166
0.167704 0.229016
0.174444 0.195375
0.195375 0.174444
0.256017 0.195375
0.350178 0.256017
0.468349 0.350178
0.598754 0.468349
0.728573 0.598754
0.845210 0.728573
0.937467 0.845210
0.996561 0.937467
1.016899 0.996561
0.996561 1.016899
0.937467 0.996561
0.845210 0.937467
0.728573 0.845210
0.598754 0.728573
0.468349 0.598754
0.350178 0.468349
0.256017 0.350178
0.195375 0.256017
0.146536 0.167704
0.167704 0.146536
0.229016 0.167704
0.324166 0.229016
0.443499 0.324166
0.575096 0.443499
0.706022 0.575096
0.823591 0.706022
0.916549 0.823591
0.976077 0.916549
0.996561 0.976077
0.976077 0.996561
0.916549 0.976077
0.823591 0.916549
0.706022 0.823591
0.575096 0.706022
0.443499 0.575096
0.324166 0.443499
0.229016 0.324166
0.167704 0.229016
0.064567 0.086475
0.086475 0.064567
0.149857 0.086475
0.248038 0.149857
0.370904 0.248038
0.506101 0.370904
0.640345 0.506101
0.760698 0.640345
0.855738 0.760698
0.916549 0.855738
0.937467 0.916549
0.916549 0.937467
0.855738 0.916549
0.760698 0.855738
0.640345 0.760698
0.506101 0.640345
0.370904 0.506101
0.248038 0.370904
0.149857 0.248038
0.086475 0.149857
-0.066382 -0.043148
-0.043148 -0.066382
0.023909 -0.043148
0.127382 0.023909
0.256305 0.127382
0.397573 0.256305
0.537332 0.397573
0.662260 0.537332
0.760698 0.662260
0.823591 0.760698
0.845210 0.823591
0.823591 0.845210
0.760698 0.823591
0.662260 0.760698
0.537332 0.662260
0.397573 0.537332
0.256305 0.397573
0.127382 0.256305
0.023909 0.127382
-0.043148 0.023909
-0.238490 -0.213141
-0.213141 -0.238490
-0.140367 -0.213141
-0.028916 -0.140367
0.108857 -0.028916
0.258748 0.108857
0.406163 0.258748
0.537332 0.406163
0.640345 0.537332
0.706022 0.640345
0.728573 0.706022
0.706022 0.728573
0.640345 0.706022
0.537332 0.640345
0.406163 0.537332
0.258748 0.406163
0.108857 0.258748
-0.028916 0.108857
-0.140367 -0.028916
-0.213141 -0.140367
-0.442216 -0.413508
-0.413508 -0.442216
-0.332090 -0.413508
-0.209221 -0.332090
-0.059419 -0.209221
0.101698 -0.059419
0.258748 0.101698
0.397573 0.258748
0.506101 0.397573
0.575096 0.506101
0.598754 0.575096
0.575096 0.598754
0.506101 0.575096
0.397573 0.506101
0.258748 0.397573
0.101698 0.258748
-0.059419 0.101698
-0.209221 -0.059419
-0.332090 -0.209221
-0.413508 -0.332090
-0.667982 -0.633504
-0.633504 -0.667982
-0.538695 -0.633504
-0.399723 -0.538695
-0.234256 -0.399723
-0.059419 -0.234256
0.108857 -0.059419
0.256305 0.108857
0.370904 0.256305
0.443499 0.370904
0.468349 0.443499
0.443499 0.468349
0.370904 0.443499
0.256305 0.370904
0.108857 0.256305
-0.059419 0.108857
-0.234256 -0.059419
-0.399723 -0.234256
-0.538695 -0.399723
-0.633504 -0.538695
-0.909264 -0.863152
-0.863152 -0.909264
-0.746369 -0.863152
-0.584741 -0.746369
-0.399723 -0.584741
-0.209221 -0.399723
-0.028916 -0.209221
0.127382 -0.028916
0.248038 0.127382
0.324166 0.248038
0.350178 0.324166
0.324166 0.350178
0.248038 0.324166
0.127382 0.248038
-0.028916 0.127382
-0.209221 -0.028916
-0.399723 -0.209221
-0.584741 -0.399723
-0.746369 -0.584741
-0.863152 -0.746369
-1.170028 -1.094420
-1.094420 -1.170028
-0.939178 -1.094420
-0.746369 -0.939178
-0.538695 -0.746369
-0.332090 -0.538695
-0.140367 -0.332090
0.023909 -0.140367
0.149857 0.023909
0.229016 0.149857
0.256017 0.229016
0.229016 0.256017
0.149857 0.229016
0.023909 0.149857
-0.140367 0.023909
-0.332090 -0.140367
-0.538695 -0.332090
-0.746369 -0.538695
-0.939178 -0.746369
-1.094420 -0.939178
-1.488405 -1.317768
-1.317768 -1.488405
-1.094420 -1.317768
-0.863152 -1.094420
-0.633504 -0.863152
-0.413508 -0.633504
-0.213141 -0.413508
-0.043148 -0.213141
0.086475 -0.043148
0.167704 0.086475
0.195375 0.167704
0.167704 0.195375
0.086475 0.167704
-0.043148 0.086475
-0.213141 -0.043148
-0.413508 -0.213141
-0.633504 -0.413508
-0.863152 -0.633504
-1.094420 -0.863152
-1.317768 -1.094420

