1 69.1279
2 27.1376
3 15.1665
4 9.29398
5 6.22498
6 4.33332
7 3.24203
8 2.29907
9 1.68477
10 1.22805
11 0.925112
12 0.730999
13 0.668508
14 0.732123
15 0.79298
16 0.714389
17 0.624764
18 0.555368
19 0.725469
20 1.31935
21 5.86704
22 2.50304
23 1.03873
24 0.694018
25 0.540543
26 0.420234
27 0.335315
28 0.284323
29 0.280949
30 0.263928
31 0.36344
32 0.563247
33 0.582903
34 0.315866
35 0.201537
36 0.114733
37 0.0677929
38 0.0392751
39 0.0190194
40 0.00753547
41 0.0030174
42 0.00111868
43 0.000434062
44 0.000152752
45 5.05994e-05
46 1.38211e-05
47 3.89007e-06
48 1.19084e-06
49 2.53867e-07
