1 1.25658
2 2.40845
3 7.91093
4 8.79862
5 2.63224
6 1.51489
7 1.01559
8 0.757222
9 0.59351
10 0.490325
11 0.417906
12 0.370161
13 0.343075
14 0.346567
15 0.375343
16 0.373841
17 0.309258
18 0.266815
19 0.24332
20 0.261121
21 0.317929
22 0.331816
23 0.318948
24 0.296089
25 0.266459
26 0.23799
27 0.195975
28 0.150849
29 0.105338
30 0.0694635
31 0.035149
32 0.01471
33 0.00654639
34 0.00393229
35 0.00230073
36 0.00138091
37 0.000729126
38 0.000340681
39 0.00014359
40 5.77848e-05
41 2.05586e-05
42 8.52787e-06
43 3.26345e-06
44 1.13466e-06
45 2.95761e-07
