0.000000 0.000000 6.500000
0.010000 0.064957 6.487174
0.020000 0.129658 6.448746
0.030000 0.193847 6.384867
0.040000 0.257271 6.295791
0.050000 0.319680 6.181867
0.060000 0.380827 6.043547
0.070000 0.440472 5.881376
0.080000 0.498378 5.695994
0.090000 0.554317 5.488132
0.100000 0.608068 5.258611
0.110000 0.659420 5.008336
0.120000 0.708169 4.738296
0.130000 0.754123 4.449557
0.140000 0.797101 4.143256
0.150000 0.836934 3.820605
0.160000 0.873463 3.482875
0.170000 0.906545 3.131400
0.180000 0.936050 2.767566
0.190000 0.961860 2.392811
0.200000 0.983875 2.008611
0.210000 1.002006 1.616485
0.220000 1.016183 1.217980
0.230000 1.026350 0.814667
0.240000 1.032466 0.408140
0.250000 1.034507 0.000001
0.260000 1.032466 -0.408137
0.270000 1.026350 -0.814665
0.280000 1.016183 -1.217977
0.290000 1.002006 -1.616483
0.300000 0.983875 -2.008609
0.310000 0.961860 -2.392808
0.320000 0.936050 -2.767564
0.330000 0.906546 -3.131397
0.340000 0.873463 -3.482873
0.350000 0.836934 -3.820603
0.360000 0.797102 -4.143254
0.370000 0.754123 -4.449555
0.380000 0.708169 -4.738295
0.390000 0.659420 -5.008335
0.400000 0.608068 -5.258609
0.410000 0.554317 -5.488130
0.420000 0.498378 -5.695992
0.430000 0.440472 -5.881375
0.440000 0.380828 -6.043546
0.450000 0.319681 -6.181867
0.460000 0.257272 -6.295790
0.470000 0.193848 -6.384867
0.480000 0.129659 -6.448745
0.490000 0.064958 -6.487173
0.500000 0.000000 -6.500000
0.510000 -0.064957 -6.487174
0.520000 -0.129658 -6.448746
0.530000 -0.193847 -6.384868
0.540000 -0.257271 -6.295791
0.550000 -0.319680 -6.181868
0.560000 -0.380827 -6.043548
0.570000 -0.440471 -5.881377
0.580000 -0.498377 -5.695995
0.590000 -0.554316 -5.488133
0.600000 -0.608068 -5.258612
0.610000 -0.659419 -5.008338
0.620000 -0.708168 -4.738298
0.630000 -0.754123 -4.449559
0.640000 -0.797101 -4.143258
0.650000 -0.836934 -3.820607
0.660000 -0.873463 -3.482877
0.670000 -0.906545 -3.131402
0.680000 -0.936050 -2.767569
0.690000 -0.961860 -2.392813
0.700000 -0.983875 -2.008614
0.710000 -1.002006 -1.616488
0.720000 -1.016183 -1.217982
0.730000 -1.026350 -0.814670
0.740000 -1.032466 -0.408142
0.750000 -1.034507 -0.000004
0.760000 -1.032466 0.408134
0.770000 -1.026350 0.814662
0.780000 -1.016183 1.217974
0.790000 -1.002006 1.616480
0.800000 -0.983875 2.008606
0.810000 -0.961861 2.392806
0.820000 -0.936050 2.767561
0.830000 -0.906546 3.131395
0.840000 -0.873464 3.482870
0.850000 -0.836934 3.820600
0.860000 -0.797102 4.143252
0.870000 -0.754124 4.449553
0.880000 -0.708169 4.738293
0.890000 -0.659420 5.008333
0.900000 -0.608069 5.258607
0.910000 -0.554317 5.488129
0.920000 -0.498378 5.695991
0.930000 -0.440472 5.881374
0.940000 -0.380828 6.043545
0.950000 -0.319681 6.181866
0.960000 -0.257272 6.295789
0.970000 -0.193848 6.384866
0.980000 -0.129659 6.448745
0.990000 -0.064958 6.487173
1.000000 -0.000001 6.500000
