0.000000 0.000000 6.000000
0.010000 0.059961 5.988160
0.020000 0.119684 5.952688
0.030000 0.178936 5.893724
0.040000 0.237481 5.811499
0.050000 0.295089 5.706339
0.060000 0.351533 5.578659
0.070000 0.406589 5.428962
0.080000 0.460041 5.257840
0.090000 0.511677 5.065968
0.100000 0.561294 4.854102
0.110000 0.608695 4.623080
0.120000 0.653694 4.373812
0.130000 0.696114 4.107283
0.140000 0.735786 3.824544
0.150000 0.772554 3.526712
0.160000 0.806274 3.214961
0.170000 0.836811 2.890523
0.180000 0.864046 2.554677
0.190000 0.887871 2.208748
0.200000 0.908192 1.854103
0.210000 0.924929 1.492140
0.220000 0.938015 1.124289
0.230000 0.947400 0.752001
0.240000 0.953045 0.376744
0.250000 0.954930 0.000001
0.260000 0.953045 -0.376742
0.270000 0.947400 -0.751998
0.280000 0.938015 -1.124287
0.290000 0.924929 -1.492138
0.300000 0.908192 -1.854101
0.310000 0.887871 -2.208746
0.320000 0.864046 -2.554674
0.330000 0.836811 -2.890521
0.340000 0.806274 -3.214959
0.350000 0.772554 -3.526710
0.360000 0.735786 -3.824543
0.370000 0.696114 -4.107281
0.380000 0.653695 -4.373810
0.390000 0.608695 -4.623078
0.400000 0.561294 -4.854101
0.410000 0.511677 -5.065966
0.420000 0.460041 -5.257839
0.430000 0.406590 -5.428961
0.440000 0.351533 -5.578658
0.450000 0.295090 -5.706338
0.460000 0.237482 -5.811498
0.470000 0.178936 -5.893723
0.480000 0.119685 -5.952688
0.490000 0.059961 -5.988160
0.500000 0.000000 -6.000000
0.510000 -0.059960 -5.988160
0.520000 -0.119684 -5.952688
0.530000 -0.178936 -5.893724
0.540000 -0.237481 -5.811499
0.550000 -0.295089 -5.706340
0.560000 -0.351533 -5.578660
0.570000 -0.406589 -5.428963
0.580000 -0.460040 -5.257841
0.590000 -0.511676 -5.065969
0.600000 -0.561293 -4.854104
0.610000 -0.608695 -4.623081
0.620000 -0.653694 -4.373814
0.630000 -0.696113 -4.107285
0.640000 -0.735786 -3.824546
0.650000 -0.772554 -3.526714
0.660000 -0.806273 -3.214963
0.670000 -0.836811 -2.890525
0.680000 -0.864046 -2.554679
0.690000 -0.887871 -2.208750
0.700000 -0.908192 -1.854105
0.710000 -0.924929 -1.492143
0.720000 -0.938015 -1.124291
0.730000 -0.947400 -0.752003
0.740000 -0.953045 -0.376747
0.750000 -0.954930 -0.000004
0.760000 -0.953045 0.376739
0.770000 -0.947400 0.751996
0.780000 -0.938015 1.124284
0.790000 -0.924929 1.492136
0.800000 -0.908192 1.854098
0.810000 -0.887871 2.208744
0.820000 -0.864046 2.554672
0.830000 -0.836812 2.890518
0.840000 -0.806274 3.214957
0.850000 -0.772555 3.526708
0.860000 -0.735786 3.824541
0.870000 -0.696114 4.107279
0.880000 -0.653695 4.373809
0.890000 -0.608696 4.623077
0.900000 -0.561294 4.854099
0.910000 -0.511677 5.065965
0.920000 -0.460041 5.257838
0.930000 -0.406590 5.428960
0.940000 -0.351534 5.578657
0.950000 -0.295090 5.706337
0.960000 -0.237482 5.811498
0.970000 -0.178937 5.893722
0.980000 -0.119685 5.952687
0.990000 -0.059961 5.988160
1.000000 -0.000001 6.000000
