0.000000 0.000000 3.000000
0.010000 0.029995 2.998520
0.020000 0.059961 2.994080
0.030000 0.089867 2.986686
0.040000 0.119684 2.976344
0.050000 0.149384 2.963065
0.060000 0.178936 2.946862
0.070000 0.208311 2.927750
0.080000 0.237481 2.905749
0.090000 0.266417 2.880881
0.100000 0.295089 2.853170
0.110000 0.323471 2.822642
0.120000 0.351533 2.789329
0.130000 0.379248 2.753264
0.140000 0.406589 2.714481
0.150000 0.433529 2.673020
0.160000 0.460041 2.628920
0.170000 0.486099 2.582226
0.180000 0.511677 2.532984
0.190000 0.536750 2.481242
0.200000 0.561294 2.427051
0.210000 0.585283 2.370465
0.220000 0.608695 2.311540
0.230000 0.631506 2.250333
0.240000 0.653694 2.186906
0.250000 0.675237 2.121320
0.260000 0.696114 2.053641
0.270000 0.716303 1.983936
0.280000 0.735786 1.912272
0.290000 0.754542 1.838721
0.300000 0.772554 1.763356
0.310000 0.789804 1.686250
0.320000 0.806274 1.607480
0.330000 0.821948 1.527124
0.340000 0.836811 1.445261
0.350000 0.850849 1.361972
0.360000 0.864046 1.277338
0.370000 0.876391 1.191444
0.380000 0.887871 1.104374
0.390000 0.898475 1.016214
0.400000 0.908192 0.927051
0.410000 0.917013 0.836973
0.420000 0.924929 0.746070
0.430000 0.931932 0.654430
0.440000 0.938015 0.562144
0.450000 0.943173 0.469303
0.460000 0.947400 0.376000
0.470000 0.950692 0.282325
0.480000 0.953045 0.188372
0.490000 0.954458 0.094232
0.500000 0.954930 0.000000
0.510000 0.954458 -0.094232
0.520000 0.953045 -0.188372
0.530000 0.950692 -0.282325
0.540000 0.947400 -0.376000
0.550000 0.943173 -0.469303
0.560000 0.938015 -0.562144
0.570000 0.931932 -0.654430
0.580000 0.924929 -0.746070
0.590000 0.917013 -0.836973
0.600000 0.908192 -0.927051
0.610000 0.898475 -1.016214
0.620000 0.887871 -1.104374
0.630000 0.876391 -1.191444
0.640000 0.864046 -1.277338
0.650000 0.850849 -1.361971
0.660000 0.836811 -1.445261
0.670000 0.821948 -1.527124
0.680000 0.806274 -1.607480
0.690000 0.789804 -1.686250
0.700000 0.772554 -1.763356
0.710000 0.754542 -1.838721
0.720000 0.735786 -1.912272
0.730000 0.716303 -1.983936
0.740000 0.696114 -2.053641
0.750000 0.675237 -2.121320
0.760000 0.653694 -2.186906
0.770000 0.631506 -2.250333
0.780000 0.608695 -2.311540
0.790000 0.585283 -2.370465
0.800000 0.561294 -2.427051
0.810000 0.536750 -2.481242
0.820000 0.511677 -2.532984
0.830000 0.486099 -2.582226
0.840000 0.460041 -2.628920
0.850000 0.433529 -2.673020
0.860000 0.406589 -2.714481
0.870000 0.379248 -2.753264
0.880000 0.351533 -2.789329
0.890000 0.323471 -2.822642
0.900000 0.295090 -2.853170
0.910000 0.266417 -2.880881
0.920000 0.237481 -2.905749
0.930000 0.208311 -2.927750
0.940000 0.178936 -2.946862
0.950000 0.149384 -2.963065
0.960000 0.119684 -2.976344
0.970000 0.089867 -2.986686
0.980000 0.059961 -2.994080
0.990000 0.029995 -2.998520
1.000000 0.000000 -3.000000
