0.000000 0.000000 3.500000
0.010000 0.034994 3.498273
0.020000 0.069954 3.493094
0.030000 0.104845 3.484467
0.040000 0.139632 3.472401
0.050000 0.174281 3.456909
0.060000 0.208759 3.438005
0.070000 0.243030 3.415709
0.080000 0.277062 3.390041
0.090000 0.310820 3.361028
0.100000 0.344271 3.328698
0.110000 0.377383 3.293083
0.120000 0.410122 3.254218
0.130000 0.442456 3.212141
0.140000 0.474354 3.166895
0.150000 0.505784 3.118523
0.160000 0.536714 3.067073
0.170000 0.567115 3.012597
0.180000 0.596956 2.955148
0.190000 0.626208 2.894782
0.200000 0.654842 2.831559
0.210000 0.682830 2.765543
0.220000 0.710144 2.696796
0.230000 0.736757 2.625389
0.240000 0.762643 2.551390
0.250000 0.787777 2.474874
0.260000 0.812133 2.395915
0.270000 0.835687 2.314592
0.280000 0.858417 2.230984
0.290000 0.880300 2.145175
0.300000 0.901313 2.057248
0.310000 0.921438 1.967292
0.320000 0.940653 1.875394
0.330000 0.958939 1.781645
0.340000 0.976280 1.686138
0.350000 0.992657 1.588967
0.360000 1.008054 1.490228
0.370000 1.022456 1.390018
0.380000 1.035850 1.288436
0.390000 1.048221 1.185583
0.400000 1.059557 1.081560
0.410000 1.069848 0.976469
0.420000 1.079084 0.870415
0.430000 1.087254 0.763501
0.440000 1.094351 0.655835
0.450000 1.100368 0.547521
0.460000 1.105300 0.438666
0.470000 1.109140 0.329379
0.480000 1.111886 0.219767
0.490000 1.113535 0.109938
0.500000 1.114085 0.000000
0.510000 1.113535 -0.109938
0.520000 1.111886 -0.219767
0.530000 1.109140 -0.329379
0.540000 1.105300 -0.438666
0.550000 1.100368 -0.547521
0.560000 1.094351 -0.655835
0.570000 1.087254 -0.763501
0.580000 1.079084 -0.870415
0.590000 1.069848 -0.976469
0.600000 1.059557 -1.081559
0.610000 1.048221 -1.185583
0.620000 1.035850 -1.288436
0.630000 1.022456 -1.390018
0.640000 1.008054 -1.490227
0.650000 0.992657 -1.588967
0.660000 0.976280 -1.686138
0.670000 0.958939 -1.781645
0.680000 0.940653 -1.875394
0.690000 0.921438 -1.967292
0.700000 0.901313 -2.057248
0.710000 0.880300 -2.145175
0.720000 0.858417 -2.230984
0.730000 0.835687 -2.314591
0.740000 0.812133 -2.395915
0.750000 0.787777 -2.474874
0.760000 0.762643 -2.551390
0.770000 0.736757 -2.625389
0.780000 0.710144 -2.696796
0.790000 0.682830 -2.765542
0.800000 0.654843 -2.831559
0.810000 0.626208 -2.894782
0.820000 0.596956 -2.955148
0.830000 0.567115 -3.012597
0.840000 0.536714 -3.067073
0.850000 0.505784 -3.118523
0.860000 0.474354 -3.166895
0.870000 0.442456 -3.212141
0.880000 0.410122 -3.254218
0.890000 0.377383 -3.293083
0.900000 0.344271 -3.328698
0.910000 0.310820 -3.361028
0.920000 0.277062 -3.390041
0.930000 0.243030 -3.415709
0.940000 0.208759 -3.438005
0.950000 0.174281 -3.456909
0.960000 0.139632 -3.472401
0.970000 0.104845 -3.484467
0.980000 0.069954 -3.493094
0.990000 0.034994 -3.498273
1.000000 0.000000 -3.500000
