0.000000 0.000000 1.000000
0.000000 0.050000 0.000000
0.000000 0.100000 0.000000
0.000000 0.150000 0.000000
0.000000 0.200000 0.000000
0.000000 0.250000 0.000000
0.000000 0.300000 0.000000
0.000000 0.350000 0.000000
0.000000 0.400000 0.000000
0.000000 0.450000 0.000000
0.000000 0.500000 0.000000
0.000000 0.550000 0.000000
0.000000 0.600000 0.000000
0.000000 0.650000 0.000000
0.000000 0.700000 0.000000
0.000000 0.750000 0.000000
0.000000 0.800000 0.000000
0.000000 0.850000 0.000000
0.000000 0.900000 0.000000
0.000000 0.950000 0.000000
0.000000 1.000000 0.000000
0.050000 0.000000 1.000000
0.050000 0.050000 0.497256
0.050000 0.100000 0.296902
0.050000 0.150000 0.201326
0.050000 0.200000 0.147933
0.050000 0.250000 0.114213
0.050000 0.300000 0.090935
0.050000 0.350000 0.073820
0.050000 0.400000 0.060657
0.050000 0.450000 0.050197
0.050000 0.500000 0.041678
0.050000 0.550000 0.034605
0.050000 0.600000 0.028638
0.050000 0.650000 0.023531
0.050000 0.700000 0.019098
0.050000 0.750000 0.015194
0.050000 0.800000 0.011701
0.050000 0.850000 0.008519
0.050000 0.900000 0.005559
0.050000 0.950000 0.002744
0.050000 1.000000 0.000000
0.100000 0.000000 1.000000
0.100000 0.050000 0.692122
0.100000 0.100000 0.489026
0.100000 0.150000 0.360469
0.100000 0.200000 0.276194
0.100000 0.250000 0.217983
0.100000 0.300000 0.175707
0.100000 0.350000 0.143687
0.100000 0.400000 0.118611
0.100000 0.450000 0.098453
0.100000 0.500000 0.081910
0.100000 0.550000 0.068105
0.100000 0.600000 0.056416
0.100000 0.650000 0.046387
0.100000 0.700000 0.037667
0.100000 0.750000 0.029978
0.100000 0.800000 0.023092
0.100000 0.850000 0.016814
0.100000 0.900000 0.010974
0.100000 0.950000 0.005417
0.100000 1.000000 0.000000
0.150000 0.000000 1.000000
0.150000 0.050000 0.782205
0.150000 0.100000 0.606613
0.150000 0.150000 0.475328
0.150000 0.200000 0.378391
0.150000 0.250000 0.305816
0.150000 0.300000 0.250224
0.150000 0.350000 0.206611
0.150000 0.400000 0.171647
0.150000 0.450000 0.143093
0.150000 0.500000 0.119405
0.150000 0.550000 0.099488
0.150000 0.600000 0.082535
0.150000 0.650000 0.067934
0.150000 0.700000 0.055205
0.150000 0.750000 0.043960
0.150000 0.800000 0.033875
0.150000 0.850000 0.024672
0.150000 0.900000 0.016105
0.150000 0.950000 0.007951
0.150000 1.000000 0.000000
0.200000 0.000000 1.000000
0.200000 0.050000 0.830084
0.200000 0.100000 0.679891
0.200000 0.150000 0.555842
0.200000 0.200000 0.456225
0.200000 0.250000 0.376668
0.200000 0.300000 0.312763
0.200000 0.350000 0.260886
0.200000 0.400000 0.218273
0.200000 0.450000 0.182866
0.200000 0.500000 0.153130
0.200000 0.550000 0.127907
0.200000 0.600000 0.106301
0.200000 0.650000 0.087608
0.200000 0.700000 0.071259
0.200000 0.750000 0.056781
0.200000 0.800000 0.043775
0.200000 0.850000 0.031893
0.200000 0.900000 0.020823
0.200000 0.950000 0.010281
0.200000 1.000000 0.000000
0.250000 0.000000 1.000000
0.250000 0.050000 0.858241
0.250000 0.100000 0.727026
0.250000 0.150000 0.611923
0.250000 0.200000 0.513998
0.250000 0.250000 0.431868
0.250000 0.300000 0.363273
0.250000 0.350000 0.305896
0.250000 0.400000 0.257693
0.250000 0.450000 0.216968
0.250000 0.500000 0.182344
0.250000 0.550000 0.152707
0.250000 0.600000 0.127154
0.250000 0.650000 0.104939
0.250000 0.700000 0.085441
0.250000 0.750000 0.068132
0.250000 0.800000 0.052553
0.250000 0.850000 0.038301
0.250000 0.900000 0.025013
0.250000 0.950000 0.012352
0.250000 1.000000 0.000000
0.300000 0.000000 1.000000
0.300000 0.050000 0.875854
0.300000 0.100000 0.758051
0.300000 0.150000 0.650825
0.300000 0.200000 0.555975
0.300000 0.250000 0.473535
0.300000 0.300000 0.402564
0.300000 0.350000 0.341731
0.300000 0.400000 0.289636
0.300000 0.450000 0.244970
0.300000 0.500000 0.206569
0.300000 0.550000 0.173424
0.300000 0.600000 0.144668
0.300000 0.650000 0.119554
0.300000 0.700000 0.097436
0.300000 0.750000 0.077751
0.300000 0.800000 0.060003
0.300000 0.850000 0.043746
0.300000 0.900000 0.028575
0.300000 0.950000 0.014113
0.300000 1.000000 0.000000
0.350000 0.000000 1.000000
0.350000 0.050000 0.887125
0.350000 0.100000 0.778497
0.350000 0.150000 0.677350
0.350000 0.200000 0.585545
0.350000 0.250000 0.503731
0.350000 0.300000 0.431719
0.350000 0.350000 0.368828
0.350000 0.400000 0.314150
0.350000 0.450000 0.266706
0.350000 0.500000 0.225538
0.350000 0.550000 0.189753
0.350000 0.600000 0.158541
0.350000 0.650000 0.131172
0.350000 0.700000 0.106996
0.350000 0.750000 0.085434
0.350000 0.800000 0.065962
0.350000 0.850000 0.048106
0.350000 0.900000 0.031429
0.350000 0.950000 0.015524
0.350000 1.000000 0.000000
0.400000 0.000000 1.000000
0.400000 0.050000 0.894151
0.400000 0.100000 0.791461
0.400000 0.150000 0.694533
0.400000 0.200000 0.605122
0.400000 0.250000 0.524127
0.400000 0.300000 0.451751
0.400000 0.350000 0.387713
0.400000 0.400000 0.331431
0.400000 0.450000 0.282166
0.400000 0.500000 0.239124
0.400000 0.550000 0.201511
0.400000 0.600000 0.168569
0.400000 0.650000 0.139596
0.400000 0.700000 0.113944
0.400000 0.750000 0.091026
0.400000 0.800000 0.070304
0.400000 0.850000 0.051285
0.400000 0.900000 0.033512
0.400000 0.950000 0.016554
0.400000 1.000000 0.000000
0.450000 0.000000 1.000000
0.450000 0.050000 0.898016
0.450000 0.100000 0.798663
0.450000 0.150000 0.704200
0.450000 0.200000 0.616284
0.450000 0.250000 0.535902
0.450000 0.300000 0.463447
0.450000 0.350000 0.398843
0.450000 0.400000 0.341693
0.450000 0.450000 0.291404
0.450000 0.500000 0.247281
0.450000 0.550000 0.208596
0.450000 0.600000 0.174630
0.450000 0.650000 0.144698
0.450000 0.700000 0.118159
0.450000 0.750000 0.094423
0.450000 0.800000 0.072944
0.450000 0.850000 0.053219
0.450000 0.900000 0.034779
0.450000 0.950000 0.017181
0.450000 1.000000 0.000000
0.500000 0.000000 1.000000
0.500000 0.050000 0.899252
0.500000 0.100000 0.800975
0.500000 0.150000 0.707321
0.500000 0.200000 0.619910
0.500000 0.250000 0.539751
0.500000 0.300000 0.467291
0.500000 0.350000 0.402518
0.500000 0.400000 0.345095
0.500000 0.450000 0.294476
0.500000 0.500000 0.250000
0.500000 0.550000 0.210962
0.500000 0.600000 0.176657
0.500000 0.650000 0.146406
0.500000 0.700000 0.119571
0.500000 0.750000 0.095561
0.500000 0.800000 0.073829
0.500000 0.850000 0.053868
0.500000 0.900000 0.035205
0.500000 0.950000 0.017392
0.500000 1.000000 0.000000
0.550000 0.000000 1.000000
0.550000 0.050000 0.898016
0.550000 0.100000 0.798663
0.550000 0.150000 0.704200
0.550000 0.200000 0.616284
0.550000 0.250000 0.535902
0.550000 0.300000 0.463447
0.550000 0.350000 0.398843
0.550000 0.400000 0.341693
0.550000 0.450000 0.291404
0.550000 0.500000 0.247281
0.550000 0.550000 0.208596
0.550000 0.600000 0.174630
0.550000 0.650000 0.144698
0.550000 0.700000 0.118159
0.550000 0.750000 0.094423
0.550000 0.800000 0.072944
0.550000 0.850000 0.053219
0.550000 0.900000 0.034779
0.550000 0.950000 0.017181
0.550000 1.000000 0.000000
0.600000 0.000000 1.000000
0.600000 0.050000 0.894151
0.600000 0.100000 0.791461
0.600000 0.150000 0.694533
0.600000 0.200000 0.605122
0.600000 0.250000 0.524127
0.600000 0.300000 0.451751
0.600000 0.350000 0.387713
0.600000 0.400000 0.331431
0.600000 0.450000 0.282166
0.600000 0.500000 0.239124
0.600000 0.550000 0.201511
0.600000 0.600000 0.168569
0.600000 0.650000 0.139596
0.600000 0.700000 0.113944
0.600000 0.750000 0.091026
0.600000 0.800000 0.070304
0.600000 0.850000 0.051285
0.600000 0.900000 0.033512
0.600000 0.950000 0.016554
0.600000 1.000000 0.000000
0.650000 0.000000 1.000000
0.650000 0.050000 0.887125
0.650000 0.100000 0.778497
0.650000 0.150000 0.677350
0.650000 0.200000 0.585545
0.650000 0.250000 0.503731
0.650000 0.300000 0.431719
0.650000 0.350000 0.368828
0.650000 0.400000 0.314150
0.650000 0.450000 0.266706
0.650000 0.500000 0.225538
0.650000 0.550000 0.189753
0.650000 0.600000 0.158541
0.650000 0.650000 0.131172
0.650000 0.700000 0.106996
0.650000 0.750000 0.085434
0.650000 0.800000 0.065962
0.650000 0.850000 0.048106
0.650000 0.900000 0.031429
0.650000 0.950000 0.015524
0.650000 1.000000 0.000000
0.700000 0.000000 1.000000
0.700000 0.050000 0.875854
0.700000 0.100000 0.758051
0.700000 0.150000 0.650825
0.700000 0.200000 0.555975
0.700000 0.250000 0.473535
0.700000 0.300000 0.402564
0.700000 0.350000 0.341731
0.700000 0.400000 0.289636
0.700000 0.450000 0.244970
0.700000 0.500000 0.206569
0.700000 0.550000 0.173424
0.700000 0.600000 0.144668
0.700000 0.650000 0.119554
0.700000 0.700000 0.097436
0.700000 0.750000 0.077751
0.700000 0.800000 0.060003
0.700000 0.850000 0.043746
0.700000 0.900000 0.028575
0.700000 0.950000 0.014113
0.700000 1.000000 0.000000
0.750000 0.000000 1.000000
0.750000 0.050000 0.858241
0.750000 0.100000 0.727026
0.750000 0.150000 0.611923
0.750000 0.200000 0.513998
0.750000 0.250000 0.431868
0.750000 0.300000 0.363273
0.750000 0.350000 0.305896
0.750000 0.400000 0.257693
0.750000 0.450000 0.216968
0.750000 0.500000 0.182344
0.750000 0.550000 0.152707
0.750000 0.600000 0.127154
0.750000 0.650000 0.104939
0.750000 0.700000 0.085441
0.750000 0.750000 0.068132
0.750000 0.800000 0.052553
0.750000 0.850000 0.038301
0.750000 0.900000 0.025013
0.750000 0.950000 0.012352
0.750000 1.000000 0.000000
0.800000 0.000000 1.000000
0.800000 0.050000 0.830084
0.800000 0.100000 0.679891
0.800000 0.150000 0.555842
0.800000 0.200000 0.456225
0.800000 0.250000 0.376668
0.800000 0.300000 0.312763
0.800000 0.350000 0.260886
0.800000 0.400000 0.218273
0.800000 0.450000 0.182866
0.800000 0.500000 0.153130
0.800000 0.550000 0.127907
0.800000 0.600000 0.106301
0.800000 0.650000 0.087608
0.800000 0.700000 0.071259
0.800000 0.750000 0.056781
0.800000 0.800000 0.043775
0.800000 0.850000 0.031893
0.800000 0.900000 0.020823
0.800000 0.950000 0.010281
0.800000 1.000000 0.000000
0.850000 0.000000 1.000000
0.850000 0.050000 0.782205
0.850000 0.100000 0.606613
0.850000 0.150000 0.475328
0.850000 0.200000 0.378391
0.850000 0.250000 0.305816
0.850000 0.300000 0.250224
0.850000 0.350000 0.206611
0.850000 0.400000 0.171647
0.850000 0.450000 0.143093
0.850000 0.500000 0.119405
0.850000 0.550000 0.099488
0.850000 0.600000 0.082535
0.850000 0.650000 0.067934
0.850000 0.700000 0.055205
0.850000 0.750000 0.043960
0.850000 0.800000 0.033875
0.850000 0.850000 0.024672
0.850000 0.900000 0.016105
0.850000 0.950000 0.007951
0.850000 1.000000 0.000000
0.900000 0.000000 1.000000
0.900000 0.050000 0.692122
0.900000 0.100000 0.489026
0.900000 0.150000 0.360469
0.900000 0.200000 0.276194
0.900000 0.250000 0.217983
0.900000 0.300000 0.175707
0.900000 0.350000 0.143687
0.900000 0.400000 0.118611
0.900000 0.450000 0.098453
0.900000 0.500000 0.081910
0.900000 0.550000 0.068105
0.900000 0.600000 0.056416
0.900000 0.650000 0.046387
0.900000 0.700000 0.037667
0.900000 0.750000 0.029978
0.900000 0.800000 0.023092
0.900000 0.850000 0.016814
0.900000 0.900000 0.010974
0.900000 0.950000 0.005417
0.900000 1.000000 0.000000
0.950000 0.000000 1.000000
0.950000 0.050000 0.497256
0.950000 0.100000 0.296902
0.950000 0.150000 0.201326
0.950000 0.200000 0.147933
0.950000 0.250000 0.114213
0.950000 0.300000 0.090935
0.950000 0.350000 0.073820
0.950000 0.400000 0.060657
0.950000 0.450000 0.050197
0.950000 0.500000 0.041678
0.950000 0.550000 0.034605
0.950000 0.600000 0.028638
0.950000 0.650000 0.023531
0.950000 0.700000 0.019098
0.950000 0.750000 0.015194
0.950000 0.800000 0.011701
0.950000 0.850000 0.008519
0.950000 0.900000 0.005559
0.950000 0.950000 0.002744
0.950000 1.000000 0.000000
1.000000 0.000000 1.000000
1.000000 0.050000 0.000000
1.000000 0.100000 0.000000
1.000000 0.150000 0.000000
1.000000 0.200000 0.000000
1.000000 0.250000 0.000000
1.000000 0.300000 0.000000
1.000000 0.350000 0.000000
1.000000 0.400000 0.000000
1.000000 0.450000 0.000000
1.000000 0.500000 0.000000
1.000000 0.550000 0.000000
1.000000 0.600000 0.000000
1.000000 0.650000 0.000000
1.000000 0.700000 0.000000
1.000000 0.750000 0.000000
1.000000 0.800000 0.000000
1.000000 0.850000 0.000000
1.000000 0.900000 0.000000
1.000000 0.950000 0.000000
1.000000 1.000000 0.000000
